kinematics:
  shoulder:
    x: 0
    y: 0
    z: 0.1628401287705997
    roll: -0
    pitch: 0
    yaw: -1.691238301140819e-07
  upper_arm:
    x: 0.0001633147886180614
    y: 0
    z: 0
    roll: 1.571393357489676
    pitch: 0
    yaw: 5.496178235704578e-06
  forearm:
    x: -0.4254950725090997
    y: 0
    z: 0
    roll: 0.001438206429233368
    pitch: -0.0005023908700888748
    yaw: 5.305952024791138e-06
  wrist_1:
    x: -0.3927695255911679
    y: -0.000732056897767593
    z: 0.1334755742620429
    roll: 0.005484520757580877
    pitch: -0.0005947963854492035
    yaw: 2.166623454310528e-06
  wrist_2:
    x: 1.342571119129787e-05
    y: -0.09973630903922749
    z: -9.588769012646799e-05
    roll: 1.571757738556639
    pitch: 0
    yaw: 5.658284939645196e-07
  wrist_3:
    x: 7.227614071479591e-05
    y: 0.09962099182470152
    z: 0.0001163600222976647
    roll: 1.571964353405054
    pitch: 3.141592653589793
    yaw: 3.141592197390254
  hash: calib_737753801036373521