kinematics:
  shoulder:
    x: 0
    y: 0
    z: 0.16259867973080241
    roll: -0
    pitch: 0
    yaw: 2.2028241811796603e-08
  upper_arm:
    x: 0.00012350189798090056
    y: 0
    z: 0
    roll: 1.5700329885861777
    pitch: 0
    yaw: 9.4305178468763313e-06
  forearm:
    x: -0.42577855221088995
    y: 0
    z: 0
    roll: 3.138318300977176
    pitch: 3.1381626352183987
    yaw: 3.1415876067848663
  wrist_1:
    x: -0.39275575305671978
    y: -0.00037128724690098922
    z: 0.13399104681722387
    roll: 0.0027709784006641858
    pitch: -0.001239128273247102
    yaw: 8.1025286240479772e-06
  wrist_2:
    x: 5.4146378644953661e-05
    y: -0.099782085643717114
    z: 0.00014855158983719685
    roll: 1.5693075677743895
    pitch: 0
    yaw: 3.255610764928835e-06
  wrist_3:
    x: 1.2959540380440455e-05
    y: 0.099598772198553578
    z: 0.00013839807563350637
    roll: 1.5721858819420389
    pitch: 3.1415926535897931
    yaw: 3.1415917973609555
  hash: calib_11516462608530056147